52 189 238 156
-0.20 0.21
-0.27 0.28
-0.33 0.35
-0.38 0.44
-0.42 0.55
-0.44 0.60
-0.48 0.61
-0.51 0.63
-0.53 0.66
-0.53 0.70
-0.52 0.74
-0.50 0.76
-0.49 0.77
-0.49 0.82
-0.50 0.89
-0.49 0.92
-0.45 1.05
-0.44 1.16
-0.43 1.26
-0.42 1.34
-0.40 1.38
-0.36 1.41
-0.31 1.41
-0.19 1.42
-0.10 1.44
-0.06 1.44
-0.04 1.42
0.04 1.32
0.10 1.22
0.20 1.07
0.30 0.93
0.34 0.92
0.44 0.80
0.48 0.75
0.49 0.69
0.52 0.68
0.54 0.67
0.54 0.65
0.52 0.62
0.49 0.61
0.47 0.57
0.45 0.49
0.43 0.43
0.39 0.36
0.31 0.27
0.22 0.19
0.14 0.13
0.09 0.11
0.02 0.10
-0.05 0.11
-0.10 0.13
-0.16 0.17