147 211 211 211
-0.29 1.81
-0.24 1.86
-0.18 1.89
-0.11 1.92
-0.02 1.93
0.08 1.92
0.20 1.89
0.31 1.85
0.42 1.78
0.51 1.70
0.60 1.60
0.64 1.54
0.70 1.41
0.73 1.32
0.77 1.22
0.83 1.13
0.92 1.03
1.02 0.93
1.16 0.81
1.27 0.68
1.33 0.56
1.34 0.46
1.31 0.40
1.30 0.49
1.30 0.53
1.26 0.61
1.21 0.70
1.15 0.77
1.09 0.82
1.02 0.86
1.05 0.81
1.11 0.71
1.15 0.63
1.18 0.54
1.19 0.46
1.17 0.40
1.16 0.55
1.13 0.48
1.12 0.58
1.08 0.65
1.02 0.74
0.91 0.86
0.88 0.88
0.94 0.79
0.98 0.75
1.02 0.69
1.05 0.62
1.07 0.52
1.06 0.41
1.03 0.31
1.00 0.23
0.94 0.17
0.98 0.24
0.99 0.36
0.99 0.46
0.96 0.51
0.94 0.48
0.93 0.38
0.91 0.26
0.86 0.18
0.79 0.08
0.77 0.11
0.75 0.02
0.69 -0.05
0.61 -0.06
0.66 -0.02
0.69 0.05
0.71 0.09
0.71 0.16
0.68 0.13
0.64 0.11
0.60 0.04
0.57 -0.01
0.46 -0.06
0.40 -0.07
0.47 -0.01
0.52 0.05
0.53 0.08
0.48 0.06
0.44 0.02
0.36 0.01
0.40 0.06
0.41 0.11
0.31 0.06
0.31 0.09
0.32 0.16
0.29 0.18
0.18 0.08
0.00 0.00
-0.26 0.15
-0.29 0.08
-0.35 0.14
-0.40 0.21
-0.45 0.28
-0.42 0.19
-0.36 0.11
-0.30 0.05
-0.27 0.03
-0.29 0.02
-0.31 0.02
-0.35 0.03
-0.39 0.06
-0.44 0.09
-0.46 0.11
-0.49 0.10
-0.49 0.07
-0.47 0.02
-0.41 -0.04
-0.38 -0.09
-0.38 -0.10
-0.42 -0.07
-0.52 0.00
-0.65 0.10
-0.73 0.20
-0.78 0.31
-0.80 0.38
-0.81 0.39
-0.83 0.36
-0.82 0.27
-0.78 0.18
-0.74 0.12
-0.79 0.14
-0.86 0.21
-0.92 0.31
-0.94 0.41
-0.95 0.58
-0.93 0.69
-0.86 0.83
-0.84 0.88
-0.84 0.92
-0.90 0.84
-0.96 0.74
-0.99 0.72
-1.02 0.64
-1.03 0.50
-1.01 0.44
-1.06 0.50
-1.05 0.65
-0.98 0.80
-0.91 0.92
-0.80 1.05
-0.72 1.17
-0.67 1.32
-0.61 1.52
-0.51 1.67
-0.41 1.76
-0.35 1.81