92 211 211 211
-0.16 -1.45
-0.34 -1.28
-0.53 -0.99
-0.65 -0.61
-0.94 -0.60
-1.24 -0.53
-1.22 -0.47
-1.15 -0.39
-1.10 -0.20
-1.00 0.02
-0.92 0.09
-0.90 0.17
-0.85 0.22
-0.76 0.33
-0.70 0.46
-0.67 0.55
-0.67 0.70
-0.68 0.80
-0.72 0.89
-0.79 1.06
-0.82 1.15
-0.88 1.28
-0.91 1.43
-0.92 1.51
-0.97 1.57
-1.03 1.68
-1.06 1.79
-1.06 1.94
-1.02 2.04
-1.03 2.12
-1.06 2.21
-1.12 2.35
-1.19 2.42
-1.11 2.59
-1.00 2.75
-0.76 2.87
-0.64 3.02
-0.55 3.03
-0.45 3.07
-0.34 3.12
-0.29 3.20
-0.31 3.26
-0.32 3.33
-0.29 3.35
-0.18 3.25
0.00 3.17
0.18 3.25
0.29 3.35
0.32 3.33
0.31 3.26
0.29 3.20
0.34 3.12
0.45 3.07
0.55 3.03
0.64 3.02
0.76 2.87
1.00 2.75
1.11 2.59
1.19 2.42
1.12 2.35
1.06 2.21
1.03 2.12
1.02 2.04
1.06 1.94
1.06 1.79
1.03 1.68
0.97 1.57
0.92 1.51
0.91 1.43
0.88 1.28
0.82 1.15
0.79 1.06
0.72 0.89
0.68 0.80
0.67 0.70
0.67 0.55
0.70 0.46
0.76 0.33
0.85 0.22
0.90 0.17
0.92 0.09
1.00 0.02
1.10 -0.20
1.15 -0.39
1.22 -0.47
1.24 -0.53
0.94 -0.60
0.65 -0.61
0.53 -0.99
0.34 -1.28
0.16 -1.45
0.00 -1.45