97 211 211 211
0.39 0.11
0.42 0.15
0.47 0.18
0.51 0.19
0.58 0.20
0.66 0.22
0.74 0.24
0.78 0.27
0.79 0.30
0.79 0.33
0.77 0.36
0.74 0.38
0.63 0.38
0.57 0.38
0.53 0.37
0.49 0.35
0.42 0.34
0.34 0.34
0.30 0.35
0.27 0.38
0.24 0.42
0.20 0.51
0.16 0.62
0.15 0.63
0.15 0.72
0.15 0.91
0.15 1.11
0.14 1.28
0.11 1.33
0.09 1.34
0.06 1.34
0.03 1.31
0.02 1.30
0.01 1.27
0.01 1.21
0.01 1.15
0.01 1.04
0.00 0.91
0.00 0.76
0.00 0.65
-0.03 0.66
-0.06 0.66
-0.09 0.70
-0.15 0.82
-0.21 0.98
-0.27 1.14
-0.32 1.28
-0.34 1.32
-0.38 1.33
-0.41 1.31
-0.43 1.28
-0.43 1.21
-0.42 1.12
-0.38 1.00
-0.32 0.85
-0.24 0.66
-0.22 0.59
-0.23 0.58
-0.24 0.57
-0.26 0.57
-0.32 0.60
-0.42 0.68
-0.54 0.80
-0.65 0.92
-0.70 0.97
-0.73 0.97
-0.75 0.95
-0.76 0.91
-0.75 0.86
-0.64 0.72
-0.52 0.58
-0.40 0.48
-0.36 0.44
-0.38 0.43
-0.40 0.42
-0.44 0.42
-0.52 0.43
-0.65 0.47
-0.80 0.52
-0.85 0.55
-0.88 0.55
-0.89 0.52
-0.88 0.48
-0.86 0.45
-0.75 0.38
-0.63 0.34
-0.48 0.30
-0.43 0.17
-0.36 0.04
-0.33 0.00
-0.27 -0.05
-0.20 -0.08
-0.13 -0.10
0.05 -0.09
0.20 -0.06
0.31 -0.01
0.38 0.05